bin_lo_us,bin_hi_us,count
0,1,0
1,2,0
2,3,11185
3,4,17289
4,5,22196
5,6,26791
6,7,28537
7,8,28216
8,9,27727
9,10,27796
10,11,27459
11,12,26428
12,13,25752
13,14,24989
14,15,23619
15,16,21507
16,17,20569
17,18,19891
18,19,17473
19,20,15861
20,21,14434
21,22,13283
22,23,12219
23,24,11230
24,25,10545
25,26,9863
26,27,9338
27,28,8944
28,29,8638
29,30,8245
30,31,7973
31,32,7540
32,33,7221
33,34,6984
34,35,6714
35,36,6559
36,37,6249
37,38,6018
38,39,5879
39,40,5711
40,41,5551
41,42,5300
42,43,5179
43,44,5130
44,45,4979
45,46,4819
46,47,4609
47,48,4481
48,49,4358
49,50,4303
50,51,4193
51,52,4076
52,53,3963
53,54,3910
54,55,3814
55,56,3684
56,57,3654
57,58,3645
58,59,3534
59,60,3496
60,61,3416
61,62,3382
62,63,3234
63,64,3200
64,65,3131
65,66,3113
66,67,3042
67,68,2980
68,69,2902
69,70,2855
70,71,2791
71,72,2790
72,73,2766
73,74,2710
74,75,2660
75,76,2594
76,77,2604
77,78,2535
78,79,2510
79,80,2458
80,81,2431
81,82,2418
82,83,2353
83,84,2350
84,85,2340
85,86,2272
86,87,2276
87,88,2214
88,89,2199
89,90,2158
90,91,2081
91,92,2082
92,93,2010
93,94,2031
94,95,2033
95,96,1996
96,97,1924
97,98,1901
98,99,1899
99,100,1870
100,101,1814
101,102,1799
102,103,1776
103,104,1774
104,105,1798
105,106,1718
106,107,1707
107,108,1693
108,109,1664
109,110,1687
110,111,1710
111,112,1628
112,113,1654
113,114,1650
114,115,1646
115,116,1668
116,117,1582
117,118,1590
118,119,1557
119,120,1527
120,121,1484
121,122,1479
122,123,1463
123,124,1455
124,125,1431
125,126,1399
126,127,1402
127,128,1391
128,129,1377
129,130,1391
130,131,1353
131,132,1341
132,133,1367
133,134,1312
134,135,1278
135,136,1273
136,137,1223
137,138,1254
138,139,1229
139,140,1213
140,141,1199
141,142,1218
142,143,1195
143,144,1159
144,145,1205
145,146,1148
146,147,1129
147,148,1133
148,149,1133
149,150,1136
150,151,1141
151,152,1095
152,153,1099
153,154,1125
154,155,1097
155,156,1084
156,157,1094
157,158,1093
158,159,1044
159,160,1045
160,161,1012
161,162,1026
162,163,1010
163,164,993
164,165,1005
165,166,1009
166,167,987
167,168,999
168,169,981
169,170,976
170,171,953
171,172,966
172,173,970
173,174,936
174,175,946
175,176,933
176,177,941
177,178,934
178,179,899
179,180,916
180,181,918
181,182,892
182,183,870
183,184,872
184,185,845
185,186,841
186,187,836
187,188,829
188,189,814
189,190,844
190,191,808
191,192,828
192,193,824
193,194,799
194,195,827
195,196,807
196,197,804
197,198,792
198,199,791
199,200,155953
