bin_lo_us,bin_hi_us,count
0,1,0
1,2,127
2,3,1524
3,4,3110
4,5,4713
5,6,6427
6,7,7072
7,8,7153
8,9,7154
9,10,7137
10,11,7144
11,12,7154
12,13,7150
13,14,7132
14,15,7137
15,16,7160
16,17,7115
17,18,7172
18,19,7169
19,20,7105
20,21,7129
21,22,7148
22,23,7155
23,24,7171
24,25,7122
25,26,7124
26,27,7170
27,28,7127
28,29,7143
29,30,7123
30,31,7163
31,32,7139
32,33,7152
33,34,7141
34,35,7123
35,36,7146
36,37,7185
37,38,7100
38,39,7167
39,40,7107
40,41,7159
41,42,7176
42,43,7125
43,44,7147
44,45,7104
45,46,7137
46,47,7195
47,48,7128
48,49,7153
49,50,7107
50,51,7126
51,52,7150
52,53,7127
53,54,7117
54,55,7147
55,56,7081
56,57,7113
57,58,7084
58,59,7016
59,60,7112
60,61,7029
61,62,7013
62,63,6960
63,64,6970
64,65,6968
65,66,6916
66,67,6870
67,68,6815
68,69,6734
69,70,6666
70,71,6567
71,72,6404
72,73,6290
73,74,5999
74,75,5716
75,76,5169
76,77,4645
77,78,3937
78,79,3142
79,80,2322
80,81,1635
81,82,1089
82,83,623
83,84,338
84,85,181
85,86,69
86,87,26
87,88,1
88,89,0
89,90,0
90,91,0
91,92,0
92,93,0
93,94,0
94,95,0
95,96,0
96,97,0
97,98,0
98,99,0
99,100,0
100,101,0
101,102,0
102,103,0
103,104,0
104,105,0
105,106,0
106,107,0
107,108,0
108,109,0
109,110,0
110,111,0
111,112,0
112,113,0
113,114,0
114,115,0
115,116,0
116,117,0
117,118,0
118,119,0
119,120,0
120,121,0
121,122,0
122,123,0
123,124,0
124,125,0
125,126,0
126,127,0
127,128,0
128,129,0
129,130,0
130,131,0
131,132,0
132,133,0
133,134,0
134,135,0
135,136,0
136,137,0
137,138,0
138,139,0
139,140,0
140,141,0
141,142,0
142,143,0
143,144,0
144,145,0
145,146,0
146,147,0
147,148,0
148,149,0
149,150,0
150,151,0
151,152,0
152,153,0
153,154,0
154,155,0
155,156,0
156,157,0
157,158,0
158,159,0
159,160,0
160,161,0
161,162,0
162,163,0
163,164,0
164,165,0
165,166,0
166,167,0
167,168,0
168,169,0
169,170,0
170,171,0
171,172,0
172,173,0
173,174,0
174,175,0
175,176,0
176,177,0
177,178,0
178,179,0
179,180,0
180,181,0
181,182,0
182,183,0
183,184,0
184,185,0
185,186,0
186,187,0
187,188,0
188,189,0
189,190,0
190,191,0
191,192,0
192,193,0
193,194,0
194,195,0
195,196,0
196,197,0
197,198,0
198,199,0
199,200,0
