bin_lo_us,bin_hi_us,count
0,1,0
1,2,69
2,3,63
3,4,52
4,5,133
5,6,245
6,7,362
7,8,486
8,9,977
9,10,1251
10,11,1381
11,12,1620
12,13,2048
13,14,2376
14,15,2384
15,16,2853
16,17,3342
17,18,3355
18,19,3156
19,20,2934
20,21,2901
21,22,2893
22,23,2719
23,24,2566
24,25,2418
25,26,2280
26,27,2233
27,28,1998
28,29,1762
29,30,1629
30,31,1474
31,32,1356
32,33,1212
33,34,967
34,35,932
35,36,815
36,37,783
37,38,624
38,39,488
39,40,530
40,41,515
41,42,397
42,43,317
43,44,305
44,45,247
45,46,280
46,47,184
47,48,181
48,49,137
49,50,172
50,51,120
51,52,104
52,53,104
53,54,99
54,55,81
55,56,71
56,57,62
57,58,59
58,59,49
59,60,40
60,61,27
61,62,36
62,63,28
63,64,18
64,65,25
65,66,16
66,67,15
67,68,7
68,69,11
69,70,13
70,71,13
71,72,13
72,73,11
73,74,12
74,75,12
75,76,10
76,77,11
77,78,4
78,79,7
79,80,7
80,81,8
81,82,6
82,83,3
83,84,7
84,85,1
85,86,1
86,87,1
87,88,3
88,89,3
89,90,5
90,91,4
91,92,0
92,93,0
93,94,1
94,95,2
95,96,0
96,97,1
97,98,1
98,99,1
99,100,0
100,101,0
101,102,1
102,103,0
103,104,0
104,105,0
105,106,0
106,107,0
107,108,0
108,109,0
109,110,0
110,111,0
111,112,0
112,113,0
113,114,0
114,115,0
115,116,0
116,117,0
117,118,0
118,119,0
119,120,0
120,121,0
121,122,0
122,123,0
123,124,0
124,125,0
125,126,0
126,127,0
127,128,0
128,129,0
129,130,0
130,131,0
131,132,0
132,133,0
133,134,0
134,135,0
135,136,0
136,137,0
137,138,0
138,139,0
139,140,0
140,141,0
141,142,0
142,143,0
143,144,0
144,145,0
145,146,0
146,147,0
147,148,0
148,149,0
149,150,0
150,151,0
151,152,0
152,153,0
153,154,0
154,155,0
155,156,0
156,157,0
157,158,0
158,159,0
159,160,0
160,161,0
161,162,0
162,163,0
163,164,0
164,165,0
165,166,0
166,167,0
167,168,0
168,169,0
169,170,0
170,171,0
171,172,0
172,173,0
173,174,0
174,175,0
175,176,0
176,177,0
177,178,0
178,179,0
179,180,0
180,181,0
181,182,0
182,183,0
183,184,0
184,185,0
185,186,0
186,187,0
187,188,0
188,189,0
189,190,0
190,191,0
191,192,0
192,193,0
193,194,0
194,195,0
195,196,0
196,197,0
197,198,0
198,199,0
199,200,0
