bin_lo_us,bin_hi_us,count
0,1,0
1,2,208
2,3,4331
3,4,12628
4,5,22367
5,6,32161
6,7,39241
7,8,43999
8,9,47840
9,10,51188
10,11,53203
11,12,53873
12,13,53073
13,14,50503
14,15,47142
15,16,43460
16,17,39977
17,18,36817
18,19,33774
19,20,31152
20,21,29045
21,22,27164
22,23,25334
23,24,23985
24,25,22579
25,26,21404
26,27,20195
27,28,19074
28,29,18072
29,30,17265
30,31,16428
31,32,15729
32,33,15146
33,34,14472
34,35,14015
35,36,13703
36,37,13296
37,38,13104
38,39,12747
39,40,12280
40,41,11974
41,42,11455
42,43,10896
43,44,10430
44,45,9981
45,46,9710
46,47,9379
47,48,8926
48,49,8545
49,50,8193
50,51,7776
51,52,7555
52,53,7462
53,54,7429
54,55,7255
55,56,7078
56,57,6907
57,58,6747
58,59,6694
59,60,6727
60,61,6814
61,62,6784
62,63,6686
63,64,6607
64,65,6352
65,66,6321
66,67,6245
67,68,6395
68,69,6338
69,70,6207
70,71,6147
71,72,6035
72,73,5884
73,74,5725
74,75,5692
75,76,5553
76,77,5450
77,78,5412
78,79,5345
79,80,5216
80,81,5035
81,82,4927
82,83,4799
83,84,4677
84,85,4636
85,86,4504
86,87,4537
87,88,4334
88,89,4301
89,90,4173
90,91,4072
91,92,4005
92,93,4021
93,94,3960
94,95,3955
95,96,3887
96,97,3765
97,98,3730
98,99,3658
99,100,3560
100,101,3493
101,102,3524
102,103,3566
103,104,3540
104,105,3345
105,106,3283
106,107,3217
107,108,3196
108,109,3138
109,110,3111
110,111,3123
111,112,3108
112,113,3112
113,114,3003
114,115,2992
115,116,2943
116,117,2848
117,118,2877
118,119,2879
119,120,2850
120,121,2843
121,122,2821
122,123,2717
123,124,2667
124,125,2646
125,126,2654
126,127,2658
127,128,2621
128,129,2616
129,130,2713
130,131,2605
131,132,2464
132,133,2433
133,134,2480
134,135,2469
135,136,2433
136,137,2448
137,138,2394
138,139,2482
139,140,2403
140,141,2293
141,142,2247
142,143,2265
143,144,2256
144,145,2201
145,146,2244
146,147,2235
147,148,2263
148,149,2191
149,150,2141
150,151,2109
151,152,2081
152,153,2051
153,154,2085
154,155,2101
155,156,2085
156,157,2160
157,158,2105
158,159,2011
159,160,2010
160,161,1969
161,162,1976
162,163,1906
163,164,1992
164,165,1985
165,166,2039
166,167,1947
167,168,1808
168,169,1850
169,170,1829
170,171,1748
171,172,1767
172,173,1777
173,174,1778
174,175,1874
175,176,1771
176,177,1730
177,178,1771
178,179,1672
179,180,1716
180,181,1674
181,182,1694
182,183,1654
183,184,1758
184,185,1707
185,186,1620
186,187,1644
187,188,1599
188,189,1578
189,190,1602
190,191,1591
191,192,1532
192,193,1619
193,194,1541
194,195,1521
195,196,1526
196,197,1527
197,198,1487
198,199,1463
199,200,433224
