bin_lo_us,bin_hi_us,count
0,1,0
1,2,1221
2,3,7274
3,4,15741
4,5,24253
5,6,33184
6,7,37599
7,8,40791
8,9,43675
9,10,47222
10,11,51003
11,12,54042
12,13,55792
13,14,56848
14,15,57089
15,16,57017
16,17,57109
17,18,57111
18,19,57048
19,20,57091
20,21,57060
21,22,57031
22,23,57037
23,24,57030
24,25,57064
25,26,56919
26,27,56969
27,28,57037
28,29,56982
29,30,56955
30,31,56972
31,32,56804
32,33,56971
33,34,56880
34,35,56874
35,36,57017
36,37,56672
37,38,56921
38,39,56644
39,40,56806
40,41,56823
41,42,56661
42,43,56785
43,44,56629
44,45,56668
45,46,56595
46,47,56366
47,48,56405
48,49,56325
49,50,56386
50,51,56304
51,52,56062
52,53,55757
53,54,55449
54,55,54878
55,56,54341
56,57,53243
57,58,51876
58,59,50454
59,60,48528
60,61,46446
61,62,44756
62,63,42836
63,64,40810
64,65,38831
65,66,36837
66,67,35169
67,68,33234
68,69,31472
69,70,29936
70,71,28335
71,72,27177
72,73,25917
73,74,24584
74,75,23409
75,76,22386
76,77,21286
77,78,20139
78,79,19150
79,80,18333
80,81,17501
81,82,16713
82,83,15992
83,84,15402
84,85,14736
85,86,14299
86,87,13659
87,88,13282
88,89,12757
89,90,12387
90,91,11749
91,92,11238
92,93,10694
93,94,10092
94,95,9538
95,96,9224
96,97,8837
97,98,8462
98,99,8008
99,100,7777
100,101,7477
101,102,7344
102,103,7143
103,104,7015
104,105,6882
105,106,6705
106,107,6612
107,108,6373
108,109,6349
109,110,6147
110,111,6093
111,112,6022
112,113,5911
113,114,5751
114,115,5514
115,116,5387
116,117,5148
117,118,5039
118,119,4824
119,120,4609
120,121,4455
121,122,4407
122,123,4240
123,124,3972
124,125,3747
125,126,3652
126,127,3533
127,128,3406
128,129,3226
129,130,3081
130,131,3031
131,132,2844
132,133,2763
133,134,2615
134,135,2515
135,136,2550
136,137,2458
137,138,2445
138,139,2327
139,140,2361
140,141,2225
141,142,2150
142,143,2071
143,144,2075
144,145,1974
145,146,1923
146,147,1923
147,148,1773
148,149,1793
149,150,1767
150,151,1691
151,152,1611
152,153,1559
153,154,1584
154,155,1563
155,156,1597
156,157,1495
157,158,1447
158,159,1427
159,160,1390
160,161,1386
161,162,1333
162,163,1345
163,164,1293
164,165,1288
165,166,1227
166,167,1235
167,168,1175
168,169,1083
169,170,1107
170,171,1037
171,172,1037
172,173,1039
173,174,1005
174,175,974
175,176,986
176,177,945
177,178,925
178,179,852
179,180,871
180,181,843
181,182,853
182,183,843
183,184,837
184,185,875
185,186,807
186,187,775
187,188,790
188,189,735
189,190,786
190,191,754
191,192,730
192,193,735
193,194,760
194,195,701
195,196,684
196,197,661
197,198,665
198,199,627
199,200,31009
